
aac_group <- c("<24", "24-48", "49-168")
sex_group <- c("M", "F")
bw_group <- c("1000-2499", "2500-3000", "3001-3500", "3501-4000", "4001-5000")
ga_group <- c("28-36", "37-38", "39-40", "41",  "42")